rho selective saturated
0.0 38.0 43.0
0.1 38.5 43.3
0.2 39.0 43.6
0.3 39.5 43.9
0.4 40.0 44.2
0.5 40.5 44.5
0.6 41.0 44.8
0.7 41.5 45.1
0.8 42.0 45.4
0.9 42.5 45.7
1.0 43.0 46.0
1.1 43.5 46.3
1.2 44.0 46.6
1.3 44.5 46.9
1.4 45.0 47.2
1.5 45.5 47.5
1.6 45.8 47.8
1.7 46.1 48.1
1.8 46.4 48.4
1.9 46.7 48.7
2.0 47.0 49.0
2.1 47.3 49.3
2.2 47.6 49.6
2.3 47.9 49.9
2.4 48.2 50.2
2.5 48.5 50.5
2.6 48.8 50.8
2.7 49.1 51.1
2.8 49.4 51.4
2.9 49.7 51.7
3.0 50.0 52.0
3.1 50.3 52.3
3.2 50.6 52.6
3.3 50.9 52.9
3.4 51.2 53.2
3.5 51.5 53.5
3.6 51.8 53.8
3.7 52.1 54.1
3.8 52.4 54.4
3.9 52.7 54.7
4.0 53.0 55.0
